  1      0.16      0.26      0.17      3.00
  2      0.31      0.25      0.17      3.00
  3      0.42      0.26      0.17      3.00
  4      0.50      0.36      0.17      3.00
  5      0.52      0.52      0.17      3.00
  6      0.50      0.64      0.17      3.00
  7      0.42      0.59      0.17      3.00
  8      0.31      0.36      0.17      3.00
  9      0.16      0.06      0.17      3.00
 10     -0.00     -0.17      0.17      3.00
 11     -0.16     -0.26      0.17      3.00
 12     -0.31     -0.25      0.17      3.00
 13     -0.42     -0.26      0.17      3.00
 14     -0.50     -0.36      0.17      3.00
 15     -0.52     -0.52      0.17      3.00
 16     -0.50     -0.64      0.17      3.00
 17     -0.42     -0.59      0.17      3.00
 18     -0.31     -0.36      0.17      3.00
 19     -0.16     -0.06      0.17      3.00
 20      0.00      0.17      0.17      3.00
 21      0.16      0.26      0.17      3.00
 22      0.31      0.25      0.17      3.00
 23      0.42      0.26      0.17      3.00
 24      0.50      0.36      0.17      3.00
 25      0.52      0.52      0.17      3.00
 26      0.50      0.64      0.17      3.00
 27      0.42      0.59      0.17      3.00
 28      0.31      0.36      0.17      3.00
 29      0.16      0.06      0.17      3.00
 30     -0.00     -0.17      0.17      3.00
 31     -0.16     -0.26      0.17      3.00
 32     -0.31     -0.25      0.17      3.00
 33     -0.42     -0.26      0.17      3.00
 34     -0.50     -0.36      0.17      3.00
 35     -0.52     -0.52      0.17      3.00
 36     -0.50     -0.64      0.17      3.00
 37     -0.42     -0.59      0.17      3.00
 38     -0.31     -0.36      0.17      3.00
 39     -0.16     -0.06      0.17      3.00
 40      0.00      0.17      0.17      3.00
